1719
1743
1920
2088
2144
2271
2341
2521
2683
2855
2888
3041
3207
3335
3493
3633
3816
3949
4129
4129
4268
4363
4494
4636
4821
4994
5045
5143
5300
5469
5626
5634
5787
5930
6066
6229
6392
6530
6702
6755
6938
7005
7261
7423
7593
7769
7944
8094
8261
8405
8569
1531
1171
1257
1458
1550
1175
1291
1457
1508
1706
1926
2091
1156
1332
1455
1389
1366
1439
1490
1538
1542
1566
1518
1584
1548
1614
1676
1735
1781
1799
1161
1165
1249
1336
1411
1492
1581
1605
1668
1741
1743
1783
1844
1889
1945
2008
2071
2136
2208
2267
2346
2400
2446
2515
2589
2638
2687
2762
2835
2912
2979
3034
3113
3186
3237
3294
3367
3425
3479
3547
3602
3676
3739
3808
3877
3946
3975
4035
4115
4178
4252
4319
4383
4427
4494
4549
4615
4675
4720
4771
4838
4888
4953
5021
5031
5036
5091
5146
5203
5266
5324
5388
5429
5483
5551
5606
5656
5717
5755
5778
5838
5876
5862
5911
5977
6035
6051
6075
6079
6113
6099
6094
6151
6187
6247
6304
6371
6425
6494
6553
6609
6669
6725
6779
6849
6898
6898
6948
6988
7039
7104
7146
7190
7238
7296
7299
7354
7414
7406
7461
7514
7546
7595
7618
7668
7721
7716
7730
7782
7851
7835
7864
7928
7962
7982
8016
8013
8010
8080
8096
8134
8104
8244
8289
8363
8295
8357
8391
8447
8494
8550
8603
8650
8664
8705
8748
8807
8842
8894
8964
8988
9015
9050
9111
9158
9124
9176
9244
9301
9359
9424
9490
9465
9471
9541
294
179
179
301
200
200
200
200
200
200
1179
302
187
454
456
623
325
324
358
560
557
442
442
442
577
463
483
464
463
463
463
463
463
463
463
463
463
463
463
463
463
463
593
559
574
902
953
1015
1098
663
739
1712
1703
1710
1730
1739
1732
1749
1846
1945
1965
2006
2002
2091
2164
2215
51
2381
2425
2490
2487
2572
2640
2720
2804
2884
2956
3040
3090
3110
3112
3186
3278
3370
3454
3511
3571
3627
3714
3820
3912
3969
4070
4195
4329
4444
4567
4677
4777
4901
5013
5129
5223
5336
5468
5585
5675
5693
5901
5987
6083
6194
6209
6322
6383
6447
6464
1712
1715
1798
1911
2006
2096
2198
2320
1710
1716
1847
1954
2051
2158
2266
2357
2436
2540
2642
2743
2826
2926
3023
3149
3254
3351
3462
3568
3666
3768
3827
3834
3884
3982
4075
4183
4249
4338
4324
4467
4565
4632
4728
4838
4940
5045
5101
5210
5296
51
5486
5607
5696
5790
5896
5977
6056
6120
6210
6301
6419
6515
6614
6715
6805
6913
7037
7129
7247
7360
7443
7562
7635
7737
7864
7878
8092
8216
8344
8470
8597
8696
8796
8875
8978
9078
9170
9278
9391
9468
9571
9671
9791
9900
9995
10032
10133
10239
10358
10454
10581
10682
10799
10913
11024
11124
11172
11268
11244
11446
11532
11650
11771
11870
11955
12065
12151
12246
12325
12415
12520
12610
12679
12775
12865
12931
13028
13141
13253
13377
13497
13502
13719
13807
13921
14005
14095
14191
14276
14358
14448
14545
14635
14721
14806
14911
14990
15083
15169
15285
15404
15522
15626
15665
15708
15805
15913
16006
16090
16176
16285
16357
16407
16488
16550
16630
16671
16730
16799
16881
17000
17086
17193
17288
17343
17458
17555
17643
1729
1828
1823
1931
1948
2024
2108
2183
2276
2345
2388
2487
2594
2717
2790
1786
1819
1828
1904
1994
2067
2176
2278
2372
2439
2534
2643
2734
2816
2905
2957
2999
3009
3043
3123
3168
3133
3244
3345
3439
3471
3647
3727
3792
3921
4026
4130
4110
4170
4226
4308
4391
4460
4512
4561
4419
4591
4625
4687
4726
4781
4860
4902
4940
4952
5003
5034
5035
5085
5113
5115
5177
5244
5321
5382
5441
5472
5512
5557
5591
5658
5665
5691
5739
5790
5866
5902
5967
6036
6115
6219
6273
6360
6434
6454
6522
6537
6582
6648
6602
6653
6732
